#YY  MM DD hh mm WDIR WSPD GST  WVHT   DPD   APD MWD   PRES  ATMP  WTMP  DEWP  VIS  TIDE
#yr  mo dy hr mn degT m/s  m/s     m   sec   sec deg    hPa  degC  degC  degC  nmi    ft
2023 10 01 00 26 999 99.0 99.0  1.41  9.88  7.50 345 9999.0 999.0  17.1 999.0 99.0 99.00
2023 10 01 00 56 999 99.0 99.0  1.39  9.88  7.47 346 9999.0 999.0  17.0 999.0 99.0 99.00
2023 10 01 01 26 999 99.0 99.0  1.34  9.88  7.37 346 9999.0 999.0  17.0 999.0 99.0 99.00
2023 10 01 01 56 999 99.0 99.0  1.31  9.88  7.34 349 9999.0 999.0  17.0 999.0 99.0 99.00
2023 10 01 02 26 999 99.0 99.0  1.28 10.53  7.58 346 9999.0 999.0  16.9 999.0 99.0 99.00
2023 10 01 02 56 999 99.0 99.0  1.18 10.53  7.33 346 9999.0 999.0  17.0 999.0 99.0 99.00
2023 10 01 03 26 999 99.0 99.0  1.16 10.53  7.55 343 9999.0 999.0  16.8 999.0 99.0 99.00
2023 10 01 03 56 999 99.0 99.0  1.15  9.88  7.50 339 9999.0 999.0  16.6 999.0 99.0 99.00
2023 10 01 04 26 999 99.0 99.0  1.28  9.88  8.10 343 9999.0 999.0  16.6 999.0 99.0 99.00
2023 10 01 04 56 999 99.0 99.0  1.14 10.53  7.72 345 9999.0 999.0  16.6 999.0 99.0 99.00
2023 10 01 05 26 999 99.0 99.0  1.18  9.88  8.01 345 9999.0 999.0  16.6 999.0 99.0 99.00
2023 10 01 05 56 999 99.0 99.0  1.45 10.53  8.47 345 9999.0 999.0  16.6 999.0 99.0 99.00
2023 10 01 06 26 999 99.0 99.0  1.32 10.53  8.05 346 9999.0 999.0  16.6 999.0 99.0 99.00
2023 10 01 06 56 999 99.0 99.0  1.27 10.53  7.96 343 9999.0 999.0  16.8 999.0 99.0 99.00
2023 10 01 07 26 999 99.0 99.0  1.49  9.88  8.31 342 9999.0 999.0  16.9 999.0 99.0 99.00
2023 10 01 07 56 999 99.0 99.0  1.42  9.88  7.95 341 9999.0 999.0  16.9 999.0 99.0 99.00
2023 10 01 08 26 999 99.0 99.0  1.41  9.88  8.07 341 9999.0 999.0  17.0 999.0 99.0 99.00
2023 10 01 08 56 999 99.0 99.0  1.42 10.53  8.03 346 9999.0 999.0  16.9 999.0 99.0 99.00
2023 10 01 09 26 999 99.0 99.0  1.49  9.88  8.07 343 9999.0 999.0  16.9 999.0 99.0 99.00
2023 10 01 09 56 999 99.0 99.0  1.44  9.88  8.19 343 9999.0 999.0  16.9 999.0 99.0 99.00
2023 10 01 10 26 999 99.0 99.0  1.51 11.11  8.31 345 9999.0 999.0  16.9 999.0 99.0 99.00
2023 10 01 10 56 999 99.0 99.0  1.42  9.88  8.03 346 9999.0 999.0  16.9 999.0 99.0 99.00
2023 10 01 11 26 999 99.0 99.0  1.50  9.88  8.29 345 9999.0 999.0  16.8 999.0 99.0 99.00
2023 10 01 11 56 999 99.0 99.0  1.46  9.88  8.23 343 9999.0 999.0  16.7 999.0 99.0 99.00
2023 10 01 12 26 999 99.0 99.0  1.58  9.88  8.35 343 9999.0 999.0  16.7 999.0 99.0 99.00
2023 10 01 12 56 999 99.0 99.0  1.56 10.53  8.31 343 9999.0 999.0  16.7 999.0 99.0 99.00
2023 10 01 13 26 999 99.0 99.0  1.46  9.88  8.02 343 9999.0 999.0  16.7 999.0 99.0 99.00
2023 10 01 13 56 999 99.0 99.0  1.42 10.53  8.11 343 9999.0 999.0  16.6 999.0 99.0 99.00
2023 10 01 14 26 999 99.0 99.0  1.37  9.88  7.85 342 9999.0 999.0  16.6 999.0 99.0 99.00
2023 10 01 14 56 999 99.0 99.0  1.23  9.88  7.74 342 9999.0 999.0  16.4 999.0 99.0 99.00
2023 10 01 15 26 999 99.0 99.0  1.32 10.53  8.04 343 9999.0 999.0  16.4 999.0 99.0 99.00
2023 10 01 15 56 999 99.0 99.0  1.22  9.88  8.22 339 9999.0 999.0  16.4 999.0 99.0 99.00
2023 10 01 16 26 999 99.0 99.0  1.23 10.53  8.27 345 9999.0 999.0  16.2 999.0 99.0 99.00
2023 10 01 16 56 999 99.0 99.0  1.42 10.53  8.39 343 9999.0 999.0  16.2 999.0 99.0 99.00
2023 10 01 17 26 999 99.0 99.0  1.29  9.88  8.31 342 9999.0 999.0  16.4 999.0 99.0 99.00
2023 10 01 17 56 999 99.0 99.0  1.29  9.88  8.56 339 9999.0 999.0  16.4 999.0 99.0 99.00
2023 10 01 18 26 999 99.0 99.0  1.09 10.53  8.34 345 9999.0 999.0  16.4 999.0 99.0 99.00
2023 10 01 18 56 999 99.0 99.0  1.17  9.88  8.32 339 9999.0 999.0  16.6 999.0 99.0 99.00
2023 10 01 19 26 999 99.0 99.0  1.19  9.88  8.50 339 9999.0 999.0  16.9 999.0 99.0 99.00
2023 10 01 19 56 999 99.0 99.0  1.31 11.11  8.61 345 9999.0 999.0  17.1 999.0 99.0 99.00
2023 10 01 20 26 999 99.0 99.0  1.30 11.11  8.87 345 9999.0 999.0  17.1 999.0 99.0 99.00
2023 10 01 20 56 999 99.0 99.0  1.26 11.11  8.82 348 9999.0 999.0  17.0 999.0 99.0 99.00
2023 10 01 21 26 999 99.0 99.0  1.33 11.11  8.70 348 9999.0 999.0  16.9 999.0 99.0 99.00
2023 10 01 21 56 999 99.0 99.0  1.22 11.76  8.32 349 9999.0 999.0  16.8 999.0 99.0 99.00
2023 10 01 22 26 999 99.0 99.0  1.15 10.53  7.91 345 9999.0 999.0  16.8 999.0 99.0 99.00
2023 10 01 22 56 999 99.0 99.0  1.25 11.11  8.17 351 9999.0 999.0  16.8 999.0 99.0 99.00
2023 10 01 23 26 999 99.0 99.0  1.22 11.11  8.19 349 9999.0 999.0  16.8 999.0 99.0 99.00
2023 10 01 23 30 999 99.0 99.0 99.00 99.00 99.00 999 9999.0 999.0  16.8 999.0 99.0 99.00
2023 10 01 23 56 999 99.0 99.0  1.13 11.11  8.00 348 9999.0 999.0  16.9 999.0 99.0 99.00
2023 10 02 00 26 999 99.0 99.0  1.26 10.53  8.33 348 9999.0 999.0  16.9 999.0 99.0 99.00
2023 10 02 00 56 999 99.0 99.0  1.31 11.11  8.61 348 9999.0 999.0  16.9 999.0 99.0 99.00
2023 10 02 01 26 999 99.0 99.0  1.32 11.76  8.52 348 9999.0 999.0  17.0 999.0 99.0 99.00
2023 10 02 01 56 999 99.0 99.0  1.27 11.11  8.43 348 9999.0 999.0  17.0 999.0 99.0 99.00
2023 10 02 02 26 999 99.0 99.0  1.30 11.11  8.56 351 9999.0 999.0  17.0 999.0 99.0 99.00
2023 10 02 02 56 999 99.0 99.0  1.32 11.11  8.62 349 9999.0 999.0  17.0 999.0 99.0 99.00
2023 10 02 03 26 999 99.0 99.0  1.23 10.53  8.58 346 9999.0 999.0  16.8 999.0 99.0 99.00
2023 10 02 03 56 999 99.0 99.0  1.17 10.53  8.49 346 9999.0 999.0  16.9 999.0 99.0 99.00
2023 10 02 04 26 999 99.0 99.0  1.26 11.11  8.90 348 9999.0 999.0  16.9 999.0 99.0 99.00
2023 10 02 04 56 999 99.0 99.0  1.02 10.53  8.59 346 9999.0 999.0  16.9 999.0 99.0 99.00
2023 10 02 05 26 999 99.0 99.0  1.35 10.53  9.47 345 9999.0 999.0  16.8 999.0 99.0 99.00
2023 10 02 05 56 999 99.0 99.0  1.55 11.11  9.73 348 9999.0 999.0  16.8 999.0 99.0 99.00
2023 10 02 06 26 999 99.0 99.0  1.43 10.53  9.61 346 9999.0 999.0  16.8 999.0 99.0 99.00
2023 10 02 06 56 999 99.0 99.0  1.33 11.11  9.42 345 9999.0 999.0  16.8 999.0 99.0 99.00
2023 10 02 07 26 999 99.0 99.0  1.28 10.53  9.26 343 9999.0 999.0  16.7 999.0 99.0 99.00
2023 10 02 07 56 999 99.0 99.0  1.20  9.88  9.06 339 9999.0 999.0  16.7 999.0 99.0 99.00
2023 10 02 08 26 999 99.0 99.0  1.29 11.11  9.34 345 9999.0 999.0  16.7 999.0 99.0 99.00
2023 10 02 08 56 999 99.0 99.0  1.25 10.53  9.25 341 9999.0 999.0  16.6 999.0 99.0 99.00
2023 10 02 09 26 999 99.0 99.0  1.11  9.88  9.06 336 9999.0 999.0  16.6 999.0 99.0 99.00
2023 10 02 09 56 999 99.0 99.0  1.11 11.11  9.18 345 9999.0 999.0  16.6 999.0 99.0 99.00
2023 10 02 10 26 999 99.0 99.0  1.12 10.53  9.15 341 9999.0 999.0  16.5 999.0 99.0 99.00
2023 10 02 10 56 999 99.0 99.0  1.20 10.53  9.12 339 9999.0 999.0  16.5 999.0 99.0 99.00
2023 10 02 11 26 999 99.0 99.0  1.21 10.53  9.01 341 9999.0 999.0  16.5 999.0 99.0 99.00
2023 10 02 11 56 999 99.0 99.0  1.10  9.88  8.63 341 9999.0 999.0  16.5 999.0 99.0 99.00
2023 10 02 12 26 999 99.0 99.0  1.12 10.53  8.38 349 9999.0 999.0  16.3 999.0 99.0 99.00
2023 10 02 12 56 999 99.0 99.0  1.16 10.53  8.69 349 9999.0 999.0  16.3 999.0 99.0 99.00
2023 10 02 13 26 999 99.0 99.0  1.10 10.53  8.63 345 9999.0 999.0  16.5 999.0 99.0 99.00
2023 10 02 13 56 999 99.0 99.0  1.09 10.53  8.43 346 9999.0 999.0  16.6 999.0 99.0 99.00
2023 10 02 14 26 999 99.0 99.0  1.07 10.53  8.47 346 9999.0 999.0  16.7 999.0 99.0 99.00
2023 10 02 14 56 999 99.0 99.0  1.15 10.53  8.42 343 9999.0 999.0  16.8 999.0 99.0 99.00
2023 10 02 15 26 999 99.0 99.0  1.08  9.88  8.45 342 9999.0 999.0  16.7 999.0 99.0 99.00
2023 10 02 15 56 999 99.0 99.0  0.94 10.53  7.98 348 9999.0 999.0  16.8 999.0 99.0 99.00
2023 10 02 16 26 999 99.0 99.0  1.06  9.88  8.33 343 9999.0 999.0  16.5 999.0 99.0 99.00
2023 10 02 16 56 999 99.0 99.0  0.95  9.88  8.16 341 9999.0 999.0  16.7 999.0 99.0 99.00
2023 10 02 17 26 999 99.0 99.0  1.01 10.53  8.42 343 9999.0 999.0  16.5 999.0 99.0 99.00
2023 10 02 17 56 999 99.0 99.0  1.04 10.53  8.31 345 9999.0 999.0  16.5 999.0 99.0 99.00
2023 10 02 18 26 999 99.0 99.0  1.04  9.88  8.34 342 9999.0 999.0  16.8 999.0 99.0 99.00
2023 10 02 18 56 999 99.0 99.0  1.02  9.88  8.25 346 9999.0 999.0  16.8 999.0 99.0 99.00
2023 10 02 19 26 999 99.0 99.0  1.18 10.53  8.65 343 9999.0 999.0  16.5 999.0 99.0 99.00
2023 10 02 19 56 999 99.0 99.0  0.98 10.53  8.02 343 9999.0 999.0  15.7 999.0 99.0 99.00
2023 10 02 20 26 999 99.0 99.0  1.09 10.53  8.10 346 9999.0 999.0  15.6 999.0 99.0 99.00
2023 10 02 20 56 999 99.0 99.0  0.87  9.88  7.82 345 9999.0 999.0  15.5 999.0 99.0 99.00
2023 10 02 21 26 999 99.0 99.0  0.89  9.88  7.67 343 9999.0 999.0  15.3 999.0 99.0 99.00
2023 10 02 21 56 999 99.0 99.0  1.05  9.88  8.05 343 9999.0 999.0  15.3 999.0 99.0 99.00
2023 10 02 22 26 999 99.0 99.0  0.93  9.88  7.72 343 9999.0 999.0  15.1 999.0 99.0 99.00
2023 10 02 22 56 999 99.0 99.0  1.00 10.53  8.09 345 9999.0 999.0  15.2 999.0 99.0 99.00
2023 10 02 23 26 999 99.0 99.0  1.01  9.88  8.06 343 9999.0 999.0  15.1 999.0 99.0 99.00
2023 10 02 23 56 999 99.0 99.0  1.04  9.88  8.10 341 9999.0 999.0  15.0 999.0 99.0 99.00
2023 10 03 00 26 999 99.0 99.0  1.01 10.53  8.19 346 9999.0 999.0  14.9 999.0 99.0 99.00
2023 10 03 00 56 999 99.0 99.0  1.03  9.88  8.01 339 9999.0 999.0  14.8 999.0 99.0 99.00
2023 10 03 01 26 999 99.0 99.0  1.00  9.09  7.67 339 9999.0 999.0  14.8 999.0 99.0 99.00
2023 10 03 01 56 999 99.0 99.0  1.02  9.88  7.94 339 9999.0 999.0  14.8 999.0 99.0 99.00
2023 10 03 02 26 999 99.0 99.0  1.01  9.88  7.92 341 9999.0 999.0  15.0 999.0 99.0 99.00
2023 10 03 02 56 999 99.0 99.0  0.96  9.09  7.48 342 9999.0 999.0  15.1 999.0 99.0 99.00
2023 10 03 03 26 999 99.0 99.0  0.86  9.09  7.13 342 9999.0 999.0  16.0 999.0 99.0 99.00
2023 10 03 03 56 999 99.0 99.0  1.02  9.88  7.83 343 9999.0 999.0  16.3 999.0 99.0 99.00
2023 10 03 04 26 999 99.0 99.0  0.88  9.88  7.14 343 9999.0 999.0  16.3 999.0 99.0 99.00
2023 10 03 04 56 999 99.0 99.0  0.90  9.09  7.06 338 9999.0 999.0  16.3 999.0 99.0 99.00
2023 10 03 05 26 999 99.0 99.0  0.87  9.88  7.35 341 9999.0 999.0  16.3 999.0 99.0 99.00
2023 10 03 05 56 999 99.0 99.0  0.89  9.09  7.11 338 9999.0 999.0  16.4 999.0 99.0 99.00
2023 10 03 06 26 999 99.0 99.0  0.85  9.88  7.23 336 9999.0 999.0  16.1 999.0 99.0 99.00
2023 10 03 06 56 999 99.0 99.0  0.87  9.09  7.52 338 9999.0 999.0  16.1 999.0 99.0 99.00
2023 10 03 07 26 999 99.0 99.0  0.83  9.09  7.69 335 9999.0 999.0  16.1 999.0 99.0 99.00
2023 10 03 07 56 999 99.0 99.0  0.82  9.88  8.21 343 9999.0 999.0  16.0 999.0 99.0 99.00
2023 10 03 08 26 999 99.0 99.0  0.79 18.18  8.55  17 9999.0 999.0  16.0 999.0 99.0 99.00
2023 10 03 08 56 999 99.0 99.0  0.81 16.67  9.65   6 9999.0 999.0  16.1 999.0 99.0 99.00
2023 10 03 09 26 999 99.0 99.0  0.78 16.67  9.74   0 9999.0 999.0  16.0 999.0 99.0 99.00
2023 10 03 09 56 999 99.0 99.0  0.79 16.67 10.13   2 9999.0 999.0  16.0 999.0 99.0 99.00
2023 10 03 10 26 999 99.0 99.0  0.83 16.67 10.66   3 9999.0 999.0  16.6 999.0 99.0 99.00
2023 10 03 10 56 999 99.0 99.0  0.78 16.67  9.48   0 9999.0 999.0  16.7 999.0 99.0 99.00
2023 10 03 11 26 999 99.0 99.0  0.73 18.18  8.85  12 9999.0 999.0  16.6 999.0 99.0 99.00
2023 10 03 11 56 999 99.0 99.0  0.84 16.67  9.71   2 9999.0 999.0  16.7 999.0 99.0 99.00
2023 10 03 12 26 999 99.0 99.0  0.83 16.67  9.67 359 9999.0 999.0  16.4 999.0 99.0 99.00
2023 10 03 12 56 999 99.0 99.0  0.83 18.18  9.49   5 9999.0 999.0  16.7 999.0 99.0 99.00
2023 10 03 13 26 999 99.0 99.0  0.78 18.18  9.04   5 9999.0 999.0  16.7 999.0 99.0 99.00
2023 10 03 13 56 999 99.0 99.0  0.80 16.67  8.94 359 9999.0 999.0  16.7 999.0 99.0 99.00
2023 10 03 14 26 999 99.0 99.0  0.86 16.67  8.85   6 9999.0 999.0  16.7 999.0 99.0 99.00
2023 10 03 14 56 999 99.0 99.0  0.84 16.67  8.59   0 9999.0 999.0  16.6 999.0 99.0 99.00
2023 10 03 15 26 999 99.0 99.0  0.89 16.67  9.04 358 9999.0 999.0  16.6 999.0 99.0 99.00
2023 10 03 15 56 999 99.0 99.0  0.71 16.67  7.88   5 9999.0 999.0  16.6 999.0 99.0 99.00
2023 10 03 16 26 999 99.0 99.0  0.72 16.67  7.63   2 9999.0 999.0  16.6 999.0 99.0 99.00
2023 10 03 16 56 999 99.0 99.0  0.79 16.67  8.21 358 9999.0 999.0  16.7 999.0 99.0 99.00
2023 10 03 17 26 999 99.0 99.0  0.74 16.67  8.36   3 9999.0 999.0  16.7 999.0 99.0 99.00
2023 10 03 17 56 999 99.0 99.0  0.88 16.67  9.24 359 9999.0 999.0  16.9 999.0 99.0 99.00
2023 10 03 18 26 999 99.0 99.0  0.84 16.67  8.78 352 9999.0 999.0  16.8 999.0 99.0 99.00
2023 10 03 18 56 999 99.0 99.0  0.80 15.38  8.24   2 9999.0 999.0  16.2 999.0 99.0 99.00
2023 10 03 19 26 999 99.0 99.0  0.74 16.67  8.03 356 9999.0 999.0  17.0 999.0 99.0 99.00
2023 10 03 19 56 999 99.0 99.0  0.78 15.38  8.20 355 9999.0 999.0  17.0 999.0 99.0 99.00
2023 10 03 20 26 999 99.0 99.0  0.92 15.38  8.93 356 9999.0 999.0  16.9 999.0 99.0 99.00
2023 10 03 20 56 999 99.0 99.0  0.87 15.38  8.51   5 9999.0 999.0  17.0 999.0 99.0 99.00
2023 10 03 21 26 999 99.0 99.0  0.90 15.38  8.38   3 9999.0 999.0  17.0 999.0 99.0 99.00
2023 10 03 21 56 999 99.0 99.0  0.80 15.38  7.15   7 9999.0 999.0  17.1 999.0 99.0 99.00
2023 10 03 22 26 999 99.0 99.0  0.78 15.38  6.99  10 9999.0 999.0  16.8 999.0 99.0 99.00
2023 10 03 22 56 999 99.0 99.0  0.90 14.29  7.26   3 9999.0 999.0  16.6 999.0 99.0 99.00
2023 10 03 23 26 999 99.0 99.0  0.80 14.29  6.63   3 9999.0 999.0  16.6 999.0 99.0 99.00
2023 10 03 23 56 999 99.0 99.0  0.87 14.29  7.00   3 9999.0 999.0  16.4 999.0 99.0 99.00
2023 10 04 00 26 999 99.0 99.0  0.90 14.29  7.25   9 9999.0 999.0  16.4 999.0 99.0 99.00
2023 10 04 00 56 999 99.0 99.0  0.84 14.29  6.67 356 9999.0 999.0  16.6 999.0 99.0 99.00
2023 10 04 01 26 999 99.0 99.0  0.98 14.29  7.71   2 9999.0 999.0  16.9 999.0 99.0 99.00
2023 10 04 01 56 999 99.0 99.0  0.91 14.29  7.16 358 9999.0 999.0  17.1 999.0 99.0 99.00
2023 10 04 02 26 999 99.0 99.0  1.02 14.29  7.14   2 9999.0 999.0  17.0 999.0 99.0 99.00
2023 10 04 02 56 999 99.0 99.0  0.98 14.29  7.17   3 9999.0 999.0  17.0 999.0 99.0 99.00
2023 10 04 03 26 999 99.0 99.0  1.00 13.33  7.22   2 9999.0 999.0  17.0 999.0 99.0 99.00
2023 10 04 03 56 999 99.0 99.0  1.06 14.29  7.94   2 9999.0 999.0  17.1 999.0 99.0 99.00
2023 10 04 04 26 999 99.0 99.0  1.02 13.33  7.97 359 9999.0 999.0  17.0 999.0 99.0 99.00
2023 10 04 04 56 999 99.0 99.0  0.97 14.29  8.09   0 9999.0 999.0  16.9 999.0 99.0 99.00
2023 10 04 05 26 999 99.0 99.0  0.97 14.29  8.15 359 9999.0 999.0  16.8 999.0 99.0 99.00
2023 10 04 05 56 999 99.0 99.0  1.10 13.33  9.10 359 9999.0 999.0  16.7 999.0 99.0 99.00
2023 10 04 06 26 999 99.0 99.0  0.86 14.29  7.88 356 9999.0 999.0  16.7 999.0 99.0 99.00
2023 10 04 06 56 999 99.0 99.0  0.90 13.33  8.21 356 9999.0 999.0  16.8 999.0 99.0 99.00
2023 10 04 07 26 999 99.0 99.0  0.89 13.33  8.51 355 9999.0 999.0  16.9 999.0 99.0 99.00
2023 10 04 07 56 999 99.0 99.0  0.99 13.33  8.89 358 9999.0 999.0  16.9 999.0 99.0 99.00
2023 10 04 08 26 999 99.0 99.0  1.14 13.33  9.49 355 9999.0 999.0  16.9 999.0 99.0 99.00
2023 10 04 08 56 999 99.0 99.0  1.09 12.50  9.34 355 9999.0 999.0  16.9 999.0 99.0 99.00
2023 10 04 09 26 999 99.0 99.0  1.12 13.33  9.30 358 9999.0 999.0  16.9 999.0 99.0 99.00
2023 10 04 09 56 999 99.0 99.0  1.17 13.33  9.07 358 9999.0 999.0  16.8 999.0 99.0 99.00
2023 10 04 10 26 999 99.0 99.0  1.13 12.50  9.16 348 9999.0 999.0  16.8 999.0 99.0 99.00
2023 10 04 10 56 999 99.0 99.0  1.15 14.29  9.14 356 9999.0 999.0  16.8 999.0 99.0 99.00
2023 10 04 11 26 999 99.0 99.0  1.15 13.33  9.01 353 9999.0 999.0  16.8 999.0 99.0 99.00
2023 10 04 11 56 999 99.0 99.0  1.18 13.33  9.01 356 9999.0 999.0  16.8 999.0 99.0 99.00
2023 10 04 12 26 999 99.0 99.0  1.12 12.50  8.82 352 9999.0 999.0  16.7 999.0 99.0 99.00
2023 10 04 12 56 999 99.0 99.0  1.08 12.50  8.34 349 9999.0 999.0  16.7 999.0 99.0 99.00
2023 10 04 13 26 999 99.0 99.0  1.17 11.76  8.58 352 9999.0 999.0  16.7 999.0 99.0 99.00
2023 10 04 13 56 999 99.0 99.0  1.24 12.50  8.40 352 9999.0 999.0  16.7 999.0 99.0 99.00
2023 10 04 14 26 999 99.0 99.0  1.11 11.76  8.10 349 9999.0 999.0  16.7 999.0 99.0 99.00
2023 10 04 14 56 999 99.0 99.0  1.13 11.76  8.47 351 9999.0 999.0  16.7 999.0 99.0 99.00
2023 10 04 15 26 999 99.0 99.0  1.26 11.76  8.84 348 9999.0 999.0  16.7 999.0 99.0 99.00
2023 10 04 15 56 999 99.0 99.0  1.21 12.50  8.65 353 9999.0 999.0  16.7 999.0 99.0 99.00
2023 10 04 16 26 999 99.0 99.0  1.14  9.88  8.50 342 9999.0 999.0  16.7 999.0 99.0 99.00
2023 10 04 16 56 999 99.0 99.0  1.11 12.50  8.38 349 9999.0 999.0  16.7 999.0 99.0 99.00
2023 10 04 17 26 999 99.0 99.0  1.23 11.11  8.61 345 9999.0 999.0  16.9 999.0 99.0 99.00
2023 10 04 17 56 999 99.0 99.0  1.26 13.33  8.68 359 9999.0 999.0  17.0 999.0 99.0 99.00
2023 10 04 18 26 999 99.0 99.0  1.30 13.33  8.99 353 9999.0 999.0  17.2 999.0 99.0 99.00
2023 10 04 18 56 999 99.0 99.0  1.20 10.53  8.49 346 9999.0 999.0  17.5 999.0 99.0 99.00
2023 10 04 19 26 999 99.0 99.0  1.18 12.50  8.29 352 9999.0 999.0  17.4 999.0 99.0 99.00
2023 10 04 19 56 999 99.0 99.0  1.27 12.50  8.82 353 9999.0 999.0  17.6 999.0 99.0 99.00
2023 10 04 20 26 999 99.0 99.0  1.22 13.33  8.50 355 9999.0 999.0  17.4 999.0 99.0 99.00
2023 10 04 20 56 999 99.0 99.0  1.30 11.76  8.95 349 9999.0 999.0  17.1 999.0 99.0 99.00
2023 10 04 21 26 999 99.0 99.0  1.43 12.50  9.37 351 9999.0 999.0  17.9 999.0 99.0 99.00
2023 10 04 21 56 999 99.0 99.0  1.47 12.50  9.29 352 9999.0 999.0  18.0 999.0 99.0 99.00
2023 10 04 22 26 999 99.0 99.0  1.43 12.50  9.31 353 9999.0 999.0  18.0 999.0 99.0 99.00
2023 10 04 22 56 999 99.0 99.0  1.46 11.76  9.33 348 9999.0 999.0  17.9 999.0 99.0 99.00
2023 10 04 23 26 999 99.0 99.0  1.27 11.76  8.91 346 9999.0 999.0  17.9 999.0 99.0 99.00
2023 10 04 23 56 999 99.0 99.0  1.46 11.76  9.28 349 9999.0 999.0  17.4 999.0 99.0 99.00
2023 10 05 00 26 999 99.0 99.0  1.45 11.11  9.10 348 9999.0 999.0  16.7 999.0 99.0 99.00
2023 10 05 00 56 999 99.0 99.0  1.37 11.76  9.29 346 9999.0 999.0  16.4 999.0 99.0 99.00
2023 10 05 01 26 999 99.0 99.0  1.37 10.53  9.24 342 9999.0 999.0  16.3 999.0 99.0 99.00
2023 10 05 01 56 999 99.0 99.0  1.33 11.11  9.14 346 9999.0 999.0  16.7 999.0 99.0 99.00
2023 10 05 02 26 999 99.0 99.0  1.40 11.76  9.51 351 9999.0 999.0  17.0 999.0 99.0 99.00
2023 10 05 02 56 999 99.0 99.0  1.30 11.76  9.15 349 9999.0 999.0  17.0 999.0 99.0 99.00
2023 10 05 03 26 999 99.0 99.0  1.38 11.11  9.57 349 9999.0 999.0  16.8 999.0 99.0 99.00
2023 10 05 03 56 999 99.0 99.0  1.25 11.76  9.29 352 9999.0 999.0  17.0 999.0 99.0 99.00
2023 10 05 04 26 999 99.0 99.0  1.36 11.76  9.66 349 9999.0 999.0  17.2 999.0 99.0 99.00
2023 10 05 04 56 999 99.0 99.0  1.14 11.11  9.28 349 9999.0 999.0  17.2 999.0 99.0 99.00
2023 10 05 05 26 999 99.0 99.0  1.26 11.76  9.52 351 9999.0 999.0  17.1 999.0 99.0 99.00
2023 10 05 05 56 999 99.0 99.0  1.08 10.53  8.87 346 9999.0 999.0  17.1 999.0 99.0 99.00
2023 10 05 06 26 999 99.0 99.0  1.13 11.11  9.08 348 9999.0 999.0  17.0 999.0 99.0 99.00
2023 10 05 06 56 999 99.0 99.0  1.20 11.76  9.40 352 9999.0 999.0  17.1 999.0 99.0 99.00
2023 10 05 07 26 999 99.0 99.0  1.08 10.53  8.95 343 9999.0 999.0  17.2 999.0 99.0 99.00
2023 10 05 07 56 999 99.0 99.0  1.12 11.76  9.21 349 9999.0 999.0  17.0 999.0 99.0 99.00
2023 10 05 08 26 999 99.0 99.0  1.08 10.53  9.14 345 9999.0 999.0  16.9 999.0 99.0 99.00
2023 10 05 08 56 999 99.0 99.0  1.01 11.76  9.12 346 9999.0 999.0  16.6 999.0 99.0 99.00
2023 10 05 09 26 999 99.0 99.0  1.06 10.53  9.09 346 9999.0 999.0  16.3 999.0 99.0 99.00
2023 10 05 09 56 999 99.0 99.0  1.18 10.53  9.48 343 9999.0 999.0  16.2 999.0 99.0 99.00
2023 10 05 10 26 999 99.0 99.0  1.13  9.88  9.35 343 9999.0 999.0  16.1 999.0 99.0 99.00
2023 10 05 10 56 999 99.0 99.0  0.99 11.76  9.14 348 9999.0 999.0  16.6 999.0 99.0 99.00
2023 10 05 11 26 999 99.0 99.0  1.05 11.11  9.19 346 9999.0 999.0  16.3 999.0 99.0 99.00
2023 10 05 11 56 999 99.0 99.0  1.19 11.76  9.61 349 9999.0 999.0  17.0 999.0 99.0 99.00
2023 10 05 12 26 999 99.0 99.0  0.97 11.76  9.15 349 9999.0 999.0  16.9 999.0 99.0 99.00
2023 10 05 12 56 999 99.0 99.0  0.88 11.11  8.73 348 9999.0 999.0  16.9 999.0 99.0 99.00
2023 10 05 13 26 999 99.0 99.0  0.94 12.50  9.11 351 9999.0 999.0  17.1 999.0 99.0 99.00
2023 10 05 13 56 999 99.0 99.0  0.90 10.53  8.71 343 9999.0 999.0  17.0 999.0 99.0 99.00
2023 10 05 14 26 999 99.0 99.0  0.94 11.11  8.56 348 9999.0 999.0  16.9 999.0 99.0 99.00
2023 10 05 14 56 999 99.0 99.0  0.97 11.76  8.59 356 9999.0 999.0  16.5 999.0 99.0 99.00
2023 10 05 15 26 999 99.0 99.0  0.90  9.88  8.37 345 9999.0 999.0  16.5 999.0 99.0 99.00
2023 10 05 15 56 999 99.0 99.0  0.93 11.11  8.20 349 9999.0 999.0  16.6 999.0 99.0 99.00
2023 10 05 16 26 999 99.0 99.0  0.92 10.53  8.02 346 9999.0 999.0  17.1 999.0 99.0 99.00
2023 10 05 16 56 999 99.0 99.0  0.88 11.11  8.23 346 9999.0 999.0  17.2 999.0 99.0 99.00
2023 10 05 17 26 999 99.0 99.0  0.87  9.88  8.25 343 9999.0 999.0  17.4 999.0 99.0 99.00
2023 10 05 17 56 999 99.0 99.0  0.86 11.11  8.01 348 9999.0 999.0  17.7 999.0 99.0 99.00
2023 10 05 18 26 999 99.0 99.0  1.03 11.11  8.39 348 9999.0 999.0  17.7 999.0 99.0 99.00
2023 10 05 18 56 999 99.0 99.0  0.84  9.88  7.65 346 9999.0 999.0  17.6 999.0 99.0 99.00
2023 10 05 19 26 999 99.0 99.0  0.90  9.88  8.28 342 9999.0 999.0  17.4 999.0 99.0 99.00
2023 10 05 19 56 999 99.0 99.0  0.87 10.53  8.14 345 9999.0 999.0  16.6 999.0 99.0 99.00
2023 10 05 20 26 999 99.0 99.0  0.90 11.11  8.28 345 9999.0 999.0  16.4 999.0 99.0 99.00
2023 10 05 20 56 999 99.0 99.0  0.99 10.53  8.64 345 9999.0 999.0  17.5 999.0 99.0 99.00
2023 10 05 21 26 999 99.0 99.0  0.96 11.11  8.67 346 9999.0 999.0  17.1 999.0 99.0 99.00
2023 10 05 21 56 999 99.0 99.0  0.92 10.53  8.71 345 9999.0 999.0  16.5 999.0 99.0 99.00
2023 10 05 22 26 999 99.0 99.0  0.90  9.88  8.65 343 9999.0 999.0  17.8 999.0 99.0 99.00
2023 10 05 22 56 999 99.0 99.0  0.97 10.53  8.71 345 9999.0 999.0  18.0 999.0 99.0 99.00
2023 10 05 23 26 999 99.0 99.0  0.96  9.88  8.70 338 9999.0 999.0  17.9 999.0 99.0 99.00
2023 10 05 23 56 999 99.0 99.0  0.85 10.53  8.49 336 9999.0 999.0  17.7 999.0 99.0 99.00
2023 10 06 00 26 999 99.0 99.0  0.91 11.11  8.61 348 9999.0 999.0  16.8 999.0 99.0 99.00
2023 10 06 00 56 999 99.0 99.0  0.86 10.53  8.60 345 9999.0 999.0  15.9 999.0 99.0 99.00
2023 10 06 01 26 999 99.0 99.0  0.89 11.11  8.31 348 9999.0 999.0  15.8 999.0 99.0 99.00
2023 10 06 01 56 999 99.0 99.0  0.86  9.88  8.11 345 9999.0 999.0  15.7 999.0 99.0 99.00
2023 10 06 02 26 999 99.0 99.0  0.75 10.53  7.26 346 9999.0 999.0  15.6 999.0 99.0 99.00
2023 10 06 02 56 999 99.0 99.0  0.84  9.88  7.85 345 9999.0 999.0  15.6 999.0 99.0 99.00
2023 10 06 03 26 999 99.0 99.0  0.74  9.88  7.46 342 9999.0 999.0  15.6 999.0 99.0 99.00
2023 10 06 03 56 999 99.0 99.0  0.80  9.88  8.26 345 9999.0 999.0  15.7 999.0 99.0 99.00
2023 10 06 04 26 999 99.0 99.0  0.63  9.09  7.57 341 9999.0 999.0  15.6 999.0 99.0 99.00
2023 10 06 04 56 999 99.0 99.0  0.63  9.09  7.98 342 9999.0 999.0  15.3 999.0 99.0 99.00
2023 10 06 05 26 999 99.0 99.0  0.65  9.88  8.51 341 9999.0 999.0  15.4 999.0 99.0 99.00
2023 10 06 05 56 999 99.0 99.0  0.65  9.88  8.39 346 9999.0 999.0  14.4 999.0 99.0 99.00
2023 10 06 06 26 999 99.0 99.0  0.57 10.53  8.47 343 9999.0 999.0  14.0 999.0 99.0 99.00
2023 10 06 06 56 999 99.0 99.0  0.56 11.11  8.38 352 9999.0 999.0  13.9 999.0 99.0 99.00
2023 10 06 07 26 999 99.0 99.0  0.57 10.53  8.65 341 9999.0 999.0  14.0 999.0 99.0 99.00
2023 10 06 07 56 999 99.0 99.0  0.53 10.53  8.70 342 9999.0 999.0  14.4 999.0 99.0 99.00
2023 10 06 08 26 999 99.0 99.0  0.55 10.53  9.19 345 9999.0 999.0  15.0 999.0 99.0 99.00
2023 10 06 08 56 999 99.0 99.0  0.59 13.33  9.86 353 9999.0 999.0  14.7 999.0 99.0 99.00
2023 10 06 09 26 999 99.0 99.0  0.54 13.33  9.10 353 9999.0 999.0  14.6 999.0 99.0 99.00
2023 10 06 09 56 999 99.0 99.0  0.52 12.50  8.53 351 9999.0 999.0  14.3 999.0 99.0 99.00
2023 10 06 10 26 999 99.0 99.0  0.56 13.33  8.91 355 9999.0 999.0  14.1 999.0 99.0 99.00
2023 10 06 10 56 999 99.0 99.0  0.60 13.33  9.25 355 9999.0 999.0  14.2 999.0 99.0 99.00
2023 10 06 11 26 999 99.0 99.0  0.63 12.50  9.33   0 9999.0 999.0  14.3 999.0 99.0 99.00
2023 10 06 11 56 999 99.0 99.0  0.59 12.50  8.56 355 9999.0 999.0  14.3 999.0 99.0 99.00
2023 10 06 12 26 999 99.0 99.0  0.64 12.50  9.15 358 9999.0 999.0  14.4 999.0 99.0 99.00
2023 10 06 12 56 999 99.0 99.0  0.61 13.33  8.54 358 9999.0 999.0  14.5 999.0 99.0 99.00
2023 10 06 13 26 999 99.0 99.0  0.57  9.88  7.85 348 9999.0 999.0  14.5 999.0 99.0 99.00
2023 10 06 13 56 999 99.0 99.0  0.61 12.50  8.27 356 9999.0 999.0  14.5 999.0 99.0 99.00
2023 10 06 14 26 999 99.0 99.0  0.64  9.88  8.00 349 9999.0 999.0  14.4 999.0 99.0 99.00
2023 10 06 14 56 999 99.0 99.0  0.65  9.88  7.84 351 9999.0 999.0  14.3 999.0 99.0 99.00
2023 10 06 15 26 999 99.0 99.0  0.72 12.50  8.17 355 9999.0 999.0  14.3 999.0 99.0 99.00
2023 10 06 15 56 999 99.0 99.0  0.68 12.50  7.65 351 9999.0 999.0  14.3 999.0 99.0 99.00
2023 10 06 16 26 999 99.0 99.0  0.65 11.76  6.90 356 9999.0 999.0  14.3 999.0 99.0 99.00
2023 10 06 16 56 999 99.0 99.0  0.61  9.09  6.98 343 9999.0 999.0  14.3 999.0 99.0 99.00
2023 10 06 17 26 999 99.0 99.0  0.71 12.50  7.94 351 9999.0 999.0  14.6 999.0 99.0 99.00
2023 10 06 17 56 999 99.0 99.0  0.70 12.50  7.96 351 9999.0 999.0  15.0 999.0 99.0 99.00
2023 10 06 18 26 999 99.0 99.0  0.76 12.50  7.92 351 9999.0 999.0  15.2 999.0 99.0 99.00
2023 10 06 18 56 999 99.0 99.0  0.72 11.76  7.71 348 9999.0 999.0  15.4 999.0 99.0 99.00
2023 10 06 19 26 999 99.0 99.0  0.74 12.50  7.87 351 9999.0 999.0  15.0 999.0 99.0 99.00
2023 10 06 19 56 999 99.0 99.0  0.77 12.50  8.35 352 9999.0 999.0  15.2 999.0 99.0 99.00
2023 10 06 20 26 999 99.0 99.0  0.70 12.50  7.88 353 9999.0 999.0  15.2 999.0 99.0 99.00
2023 10 06 20 56 999 99.0 99.0  0.68 12.50  8.28 351 9999.0 999.0  15.3 999.0 99.0 99.00
2023 10 06 21 26 999 99.0 99.0  0.65 12.50  7.99 352 9999.0 999.0  15.3 999.0 99.0 99.00
2023 10 06 21 56 999 99.0 99.0  0.65 11.76  8.19 349 9999.0 999.0  14.9 999.0 99.0 99.00
2023 10 06 22 26 999 99.0 99.0  0.62 11.76  7.71 346 9999.0 999.0  14.8 999.0 99.0 99.00
2023 10 06 22 56 999 99.0 99.0  0.64 11.11  8.04 346 9999.0 999.0  14.8 999.0 99.0 99.00
2023 10 06 23 26 999 99.0 99.0  0.67 11.11  7.71 346 9999.0 999.0  14.8 999.0 99.0 99.00
2023 10 06 23 56 999 99.0 99.0  0.74 11.11  7.66 346 9999.0 999.0  14.7 999.0 99.0 99.00
2023 10 07 00 26 999 99.0 99.0  0.63 11.76  7.24 341 9999.0 999.0  14.7 999.0 99.0 99.00
2023 10 07 00 56 999 99.0 99.0  0.71 11.76  7.81 348 9999.0 999.0  14.6 999.0 99.0 99.00
2023 10 07 01 26 999 99.0 99.0  0.60 11.76  6.97 341 9999.0 999.0  14.7 999.0 99.0 99.00
2023 10 07 01 56 999 99.0 99.0  0.62 11.76  7.06 352 9999.0 999.0  14.7 999.0 99.0 99.00
2023 10 07 02 26 999 99.0 99.0  0.64 11.76  6.63 345 9999.0 999.0  14.5 999.0 99.0 99.00
2023 10 07 02 56 999 99.0 99.0  0.64 11.76  6.42 349 9999.0 999.0  14.4 999.0 99.0 99.00
2023 10 07 03 26 999 99.0 99.0  0.61 11.11  6.48 346 9999.0 999.0  14.5 999.0 99.0 99.00
2023 10 07 03 56 999 99.0 99.0  0.63 12.50  6.00 355 9999.0 999.0  14.5 999.0 99.0 99.00
2023 10 07 04 26 999 99.0 99.0  0.67 11.76  6.07 352 9999.0 999.0  14.5 999.0 99.0 99.00
2023 10 07 04 56 999 99.0 99.0  0.69 11.76  6.27 349 9999.0 999.0  14.5 999.0 99.0 99.00
2023 10 07 05 26 999 99.0 99.0  0.65 11.76  6.35 352 9999.0 999.0  14.5 999.0 99.0 99.00
2023 10 07 05 56 999 99.0 99.0  0.59 11.11  5.98 346 9999.0 999.0  14.4 999.0 99.0 99.00
2023 10 07 06 26 999 99.0 99.0  0.57 12.50  6.43 353 9999.0 999.0  14.4 999.0 99.0 99.00
2023 10 07 06 56 999 99.0 99.0  0.55 11.76  6.40 349 9999.0 999.0  14.8 999.0 99.0 99.00
2023 10 07 07 26 999 99.0 99.0  0.56 11.76  7.15 351 9999.0 999.0  14.7 999.0 99.0 99.00
2023 10 07 07 56 999 99.0 99.0  0.54 10.53  6.95 342 9999.0 999.0  14.4 999.0 99.0 99.00
2023 10 07 08 26 999 99.0 99.0  0.53 12.50  7.66 356 9999.0 999.0  14.1 999.0 99.0 99.00
2023 10 07 08 56 999 99.0 99.0  0.48 11.11  7.59 348 9999.0 999.0  14.2 999.0 99.0 99.00
2023 10 07 09 26 999 99.0 99.0  0.52 11.11  7.67 351 9999.0 999.0  14.3 999.0 99.0 99.00
2023 10 07 09 56 999 99.0 99.0  0.57 13.33  8.25 352 9999.0 999.0  14.3 999.0 99.0 99.00
2023 10 07 10 26 999 99.0 99.0  0.58 11.76  8.19 348 9999.0 999.0  14.2 999.0 99.0 99.00
2023 10 07 10 56 999 99.0 99.0  0.49 12.50  7.25 353 9999.0 999.0  14.7 999.0 99.0 99.00
2023 10 07 11 26 999 99.0 99.0  0.63 12.50  8.14 351 9999.0 999.0  14.7 999.0 99.0 99.00
2023 10 07 11 56 999 99.0 99.0  0.53 11.11  7.50 345 9999.0 999.0  14.9 999.0 99.0 99.00
2023 10 07 12 26 999 99.0 99.0  0.52 11.11  7.99 351 9999.0 999.0  15.0 999.0 99.0 99.00
2023 10 07 12 56 999 99.0 99.0  0.58 12.50  7.91 346 9999.0 999.0  14.9 999.0 99.0 99.00
2023 10 07 13 26 999 99.0 99.0  0.56 11.76  7.42 351 9999.0 999.0  14.5 999.0 99.0 99.00
2023 10 07 13 56 999 99.0 99.0  0.57 11.11  6.89 348 9999.0 999.0  14.6 999.0 99.0 99.00
2023 10 07 14 26 999 99.0 99.0  0.56 11.76  6.98 346 9999.0 999.0  14.6 999.0 99.0 99.00
2023 10 07 14 56 999 99.0 99.0  0.53 11.76  6.32 343 9999.0 999.0  14.6 999.0 99.0 99.00
2023 10 07 15 26 999 99.0 99.0  0.54 11.76  6.60 348 9999.0 999.0  14.6 999.0 99.0 99.00
2023 10 07 15 56 999 99.0 99.0  0.56 12.50  6.64 356 9999.0 999.0  14.6 999.0 99.0 99.00
2023 10 07 16 26 999 99.0 99.0  0.54 11.11  6.22 348 9999.0 999.0  14.8 999.0 99.0 99.00
2023 10 07 16 56 999 99.0 99.0  0.54 11.76  5.95 343 9999.0 999.0  15.1 999.0 99.0 99.00
2023 10 07 17 26 999 99.0 99.0  0.50 11.76  6.10 345 9999.0 999.0  15.3 999.0 99.0 99.00
2023 10 07 17 56 999 99.0 99.0  0.51 10.53  5.50 345 9999.0 999.0  15.4 999.0 99.0 99.00
2023 10 07 18 26 999 99.0 99.0  0.52 11.11  5.95 345 9999.0 999.0  15.8 999.0 99.0 99.00
2023 10 07 18 56 999 99.0 99.0  0.60 11.76  6.51 345 9999.0 999.0  16.3 999.0 99.0 99.00
2023 10 07 19 26 999 99.0 99.0  0.60 11.11  6.83 351 9999.0 999.0  16.5 999.0 99.0 99.00
2023 10 07 19 56 999 99.0 99.0  0.59 11.76  5.94 345 9999.0 999.0  16.6 999.0 99.0 99.00
2023 10 07 20 26 999 99.0 99.0  0.60 11.76  5.97 346 9999.0 999.0  16.6 999.0 99.0 99.00
2023 10 07 20 56 999 99.0 99.0  0.62 11.11  5.63 349 9999.0 999.0  16.3 999.0 99.0 99.00
2023 10 07 21 26 999 99.0 99.0  0.63 11.11  5.23 349 9999.0 999.0  16.4 999.0 99.0 99.00
2023 10 07 21 56 999 99.0 99.0  0.65 11.76  5.35 346 9999.0 999.0  16.4 999.0 99.0 99.00
2023 10 07 22 26 999 99.0 99.0  0.67 10.53  5.24 341 9999.0 999.0  16.1 999.0 99.0 99.00
2023 10 07 22 56 999 99.0 99.0  0.61 11.11  5.33 349 9999.0 999.0  16.1 999.0 99.0 99.00
2023 10 07 23 26 999 99.0 99.0  0.64 11.76  5.29 342 9999.0 999.0  16.1 999.0 99.0 99.00
2023 10 07 23 56 999 99.0 99.0  0.73 11.11  5.82 346 9999.0 999.0  15.9 999.0 99.0 99.00
2023 10 08 00 26 999 99.0 99.0  0.68 10.53  5.42 346 9999.0 999.0  15.7 999.0 99.0 99.00
2023 10 08 00 56 999 99.0 99.0  0.67 11.76  5.40 342 9999.0 999.0  15.5 999.0 99.0 99.00
2023 10 08 01 26 999 99.0 99.0  0.69 11.11  5.30 348 9999.0 999.0  15.4 999.0 99.0 99.00
2023 10 08 01 56 999 99.0 99.0  0.65 11.11  5.27 345 9999.0 999.0  15.4 999.0 99.0 99.00
2023 10 08 02 26 999 99.0 99.0  0.69 11.11  5.41 346 9999.0 999.0  15.4 999.0 99.0 99.00
2023 10 08 02 56 999 99.0 99.0  0.72 11.11  5.63 349 9999.0 999.0  15.5 999.0 99.0 99.00
2023 10 08 03 26 999 99.0 99.0  0.72  9.88  5.71 339 9999.0 999.0  15.5 999.0 99.0 99.00
2023 10 08 03 56 999 99.0 99.0  0.71 11.76  5.87 351 9999.0 999.0  15.3 999.0 99.0 99.00
2023 10 08 04 26 999 99.0 99.0  0.75 10.53  5.87 342 9999.0 999.0  15.1 999.0 99.0 99.00
2023 10 08 04 56 999 99.0 99.0  0.72 11.11  5.63 349 9999.0 999.0  15.0 999.0 99.0 99.00
2023 10 08 05 26 999 99.0 99.0  0.72 11.11  5.89 346 9999.0 999.0  14.9 999.0 99.0 99.00
2023 10 08 05 56 999 99.0 99.0  0.70 10.53  5.65 345 9999.0 999.0  14.8 999.0 99.0 99.00
2023 10 08 06 26 999 99.0 99.0  0.73 11.11  5.81 349 9999.0 999.0  14.8 999.0 99.0 99.00
2023 10 08 06 56 999 99.0 99.0  0.71 10.53  5.86 343 9999.0 999.0  14.8 999.0 99.0 99.00
2023 10 08 07 26 999 99.0 99.0  0.76 10.53  5.74 345 9999.0 999.0  14.7 999.0 99.0 99.00
2023 10 08 07 56 999 99.0 99.0  0.71 11.11  5.77 343 9999.0 999.0  14.7 999.0 99.0 99.00
2023 10 08 08 26 999 99.0 99.0  0.73  5.88  5.76 331 9999.0 999.0  14.7 999.0 99.0 99.00
2023 10 08 08 56 999 99.0 99.0  0.75 10.53  5.69 349 9999.0 999.0  14.7 999.0 99.0 99.00
2023 10 08 09 26 999 99.0 99.0  0.70 10.53  5.89 342 9999.0 999.0  14.7 999.0 99.0 99.00
2023 10 08 09 56 999 99.0 99.0  0.63 11.76  6.17 348 9999.0 999.0  14.6 999.0 99.0 99.00
2023 10 08 10 26 999 99.0 99.0  0.55 10.53  6.03 346 9999.0 999.0  14.6 999.0 99.0 99.00
2023 10 08 10 56 999 99.0 99.0  0.59 10.53  6.27 345 9999.0 999.0  14.7 999.0 99.0 99.00
2023 10 08 11 26 999 99.0 99.0  0.57 11.76  6.12 345 9999.0 999.0  14.7 999.0 99.0 99.00
2023 10 08 11 56 999 99.0 99.0  0.53 11.11  6.31 345 9999.0 999.0  14.6 999.0 99.0 99.00
2023 10 08 12 26 999 99.0 99.0  0.54 11.11  6.72 345 9999.0 999.0  14.6 999.0 99.0 99.00
2023 10 08 12 56 999 99.0 99.0  0.54 11.11  6.45 348 9999.0 999.0  14.5 999.0 99.0 99.00
2023 10 08 13 26 999 99.0 99.0  0.56 10.53  6.34 343 9999.0 999.0  14.5 999.0 99.0 99.00
2023 10 08 13 56 999 99.0 99.0  0.59  6.25  6.33 328 9999.0 999.0  14.5 999.0 99.0 99.00
2023 10 08 14 26 999 99.0 99.0  0.58  9.88  6.20 345 9999.0 999.0  14.5 999.0 99.0 99.00
2023 10 08 14 56 999 99.0 99.0  0.56  9.88  6.12 339 9999.0 999.0  14.5 999.0 99.0 99.00
2023 10 08 15 26 999 99.0 99.0  0.58 11.11  6.07 348 9999.0 999.0  14.5 999.0 99.0 99.00
2023 10 08 15 56 999 99.0 99.0  0.60  6.25  6.11 328 9999.0 999.0  14.5 999.0 99.0 99.00
2023 10 08 16 26 999 99.0 99.0  0.59 11.11  5.92 345 9999.0 999.0  14.5 999.0 99.0 99.00
2023 10 08 16 56 999 99.0 99.0  0.63 11.11  5.97 339 9999.0 999.0  14.5 999.0 99.0 99.00
2023 10 08 17 26 999 99.0 99.0  0.62  9.88  5.88 339 9999.0 999.0  14.4 999.0 99.0 99.00
2023 10 08 17 56 999 99.0 99.0  0.63  6.25  5.79 331 9999.0 999.0  14.5 999.0 99.0 99.00
2023 10 08 18 26 999 99.0 99.0  0.66 10.53  5.93 345 9999.0 999.0  14.6 999.0 99.0 99.00
2023 10 08 18 56 999 99.0 99.0  0.70  9.88  6.04 339 9999.0 999.0  14.6 999.0 99.0 99.00
2023 10 08 19 26 999 99.0 99.0  0.67  5.88  5.73 329 9999.0 999.0  14.7 999.0 99.0 99.00
2023 10 08 19 56 999 99.0 99.0  0.69  9.88  5.92 339 9999.0 999.0  14.7 999.0 99.0 99.00
2023 10 08 20 26 999 99.0 99.0  0.71  6.25  5.68 334 9999.0 999.0  14.7 999.0 99.0 99.00
2023 10 08 20 56 999 99.0 99.0  0.63 10.53  5.39 345 9999.0 999.0  14.6 999.0 99.0 99.00
2023 10 08 21 26 999 99.0 99.0  0.63  9.88  5.71 345 9999.0 999.0  14.7 999.0 99.0 99.00
2023 10 08 21 56 999 99.0 99.0  0.59 10.53  5.51 346 9999.0 999.0  14.7 999.0 99.0 99.00
2023 10 08 22 26 999 99.0 99.0  0.60  9.88  5.78 342 9999.0 999.0  14.7 999.0 99.0 99.00
2023 10 08 22 56 999 99.0 99.0  0.55  9.88  5.65 339 9999.0 999.0  14.7 999.0 99.0 99.00
2023 10 08 23 26 999 99.0 99.0  0.49  9.88  5.66 346 9999.0 999.0  14.7 999.0 99.0 99.00
2023 10 08 23 56 999 99.0 99.0  0.50 10.53  5.73 338 9999.0 999.0  14.7 999.0 99.0 99.00
2023 10 09 00 26 999 99.0 99.0  0.48 10.53  5.63 341 9999.0 999.0  14.7 999.0 99.0 99.00
2023 10 09 00 56 999 99.0 99.0  0.46 10.53  6.02 336 9999.0 999.0  14.7 999.0 99.0 99.00
2023 10 09 01 26 999 99.0 99.0  0.43  9.88  5.97 342 9999.0 999.0  14.7 999.0 99.0 99.00
2023 10 09 01 56 999 99.0 99.0  0.47  9.88  6.17 335 9999.0 999.0  14.6 999.0 99.0 99.00
2023 10 09 02 26 999 99.0 99.0  0.43 11.76  6.16 348 9999.0 999.0  14.6 999.0 99.0 99.00
2023 10 09 02 56 999 99.0 99.0  0.44  9.88  6.09 343 9999.0 999.0  14.6 999.0 99.0 99.00
2023 10 09 03 26 999 99.0 99.0  0.44 11.11  6.15 349 9999.0 999.0  14.6 999.0 99.0 99.00
2023 10 09 03 56 999 99.0 99.0  0.44 10.53  5.92 345 9999.0 999.0  14.6 999.0 99.0 99.00
2023 10 09 04 26 999 99.0 99.0  0.48  9.88  6.07 343 9999.0 999.0  14.6 999.0 99.0 99.00
2023 10 09 04 56 999 99.0 99.0  0.44  9.09  5.88 343 9999.0 999.0  14.6 999.0 99.0 99.00
2023 10 09 05 26 999 99.0 99.0  0.44 13.33  5.65 353 9999.0 999.0  14.6 999.0 99.0 99.00
2023 10 09 05 56 999 99.0 99.0  0.41  9.88  5.54 345 9999.0 999.0  14.6 999.0 99.0 99.00
2023 10 09 06 26 999 99.0 99.0  0.43  9.88  5.81 346 9999.0 999.0  14.7 999.0 99.0 99.00
2023 10 09 06 56 999 99.0 99.0  0.42  9.88  5.55 345 9999.0 999.0  14.7 999.0 99.0 99.00
2023 10 09 07 26 999 99.0 99.0  0.40  9.88  5.96 343 9999.0 999.0  14.7 999.0 99.0 99.00
2023 10 09 07 56 999 99.0 99.0  0.39 11.11  5.57 348 9999.0 999.0  14.7 999.0 99.0 99.00
2023 10 09 08 26 999 99.0 99.0  0.38  9.88  5.90 342 9999.0 999.0  14.8 999.0 99.0 99.00
2023 10 09 08 56 999 99.0 99.0  0.38  5.56  5.72 332 9999.0 999.0  14.7 999.0 99.0 99.00
2023 10 09 09 26 999 99.0 99.0  0.34 10.53  5.71 349 9999.0 999.0  14.8 999.0 99.0 99.00
2023 10 09 09 56 999 99.0 99.0  0.35 11.11  5.94 341 9999.0 999.0  14.8 999.0 99.0 99.00
2023 10 09 10 26 999 99.0 99.0  0.35 11.11  5.83 342 9999.0 999.0  14.8 999.0 99.0 99.00
2023 10 09 10 56 999 99.0 99.0  0.35 11.11  5.91 345 9999.0 999.0  14.8 999.0 99.0 99.00
2023 10 09 11 26 999 99.0 99.0  0.35 10.53  5.85 342 9999.0 999.0  14.8 999.0 99.0 99.00
2023 10 09 11 56 999 99.0 99.0  0.32 10.53  5.72 343 9999.0 999.0  14.8 999.0 99.0 99.00
2023 10 09 12 26 999 99.0 99.0  0.34 13.33  6.25   2 9999.0 999.0  14.7 999.0 99.0 99.00
2023 10 09 12 56 999 99.0 99.0  0.32 12.50  6.08 355 9999.0 999.0  14.8 999.0 99.0 99.00
2023 10 09 13 26 999 99.0 99.0  0.36  9.09  6.04 341 9999.0 999.0  14.8 999.0 99.0 99.00
2023 10 09 13 56 999 99.0 99.0  0.33 13.33  5.92   2 9999.0 999.0  14.8 999.0 99.0 99.00
2023 10 09 14 26 999 99.0 99.0  0.36 13.33  6.46 348 9999.0 999.0  14.7 999.0 99.0 99.00
2023 10 09 14 56 999 99.0 99.0  0.36  9.09  5.88 341 9999.0 999.0  14.8 999.0 99.0 99.00
2023 10 09 15 26 999 99.0 99.0  0.35  8.33  6.16 342 9999.0 999.0  14.7 999.0 99.0 99.00
2023 10 09 15 56 999 99.0 99.0  0.33  9.09  6.02 341 9999.0 999.0  14.7 999.0 99.0 99.00
2023 10 09 16 26 999 99.0 99.0  0.36  9.09  5.97 343 9999.0 999.0  14.7 999.0 99.0 99.00
2023 10 09 16 56 999 99.0 99.0  0.34  9.09  5.50 341 9999.0 999.0  14.8 999.0 99.0 99.00
2023 10 09 17 26 999 99.0 99.0  0.34  9.09  6.26 339 9999.0 999.0  14.8 999.0 99.0 99.00
2023 10 09 17 56 999 99.0 99.0  0.31  9.09  5.81 342 9999.0 999.0  14.8 999.0 99.0 99.00
2023 10 09 18 26 999 99.0 99.0  0.30 13.33  5.77 353 9999.0 999.0  14.8 999.0 99.0 99.00
2023 10 09 18 56 999 99.0 99.0  0.30 11.76  5.78 351 9999.0 999.0  14.9 999.0 99.0 99.00
2023 10 09 19 26 999 99.0 99.0  0.28 13.33  6.07   2 9999.0 999.0  14.9 999.0 99.0 99.00
2023 10 09 19 56 999 99.0 99.0  0.29 11.76  5.70 346 9999.0 999.0  15.1 999.0 99.0 99.00
2023 10 09 20 26 999 99.0 99.0  0.27 11.76  5.69 355 9999.0 999.0  15.2 999.0 99.0 99.00
2023 10 09 20 56 999 99.0 99.0  0.27 10.53  6.34 343 9999.0 999.0  15.3 999.0 99.0 99.00
2023 10 09 21 26 999 99.0 99.0  0.25 11.76  6.44 348 9999.0 999.0  15.3 999.0 99.0 99.00
2023 10 09 21 56 999 99.0 99.0  0.26 13.33  6.68 356 9999.0 999.0  15.3 999.0 99.0 99.00
2023 10 09 22 26 999 99.0 99.0  0.26 11.11  6.81 352 9999.0 999.0  15.5 999.0 99.0 99.00
2023 10 09 22 56 999 99.0 99.0  0.22 99.00  7.12 999 9999.0 999.0  15.5 999.0 99.0 99.00
2023 10 09 23 26 999 99.0 99.0  0.26 12.50  6.63 356 9999.0 999.0  15.5 999.0 99.0 99.00
2023 10 09 23 56 999 99.0 99.0  0.24 99.00  6.43 999 9999.0 999.0  15.5 999.0 99.0 99.00
2023 10 10 00 26 999 99.0 99.0  0.23 99.00  7.80 999 9999.0 999.0  15.5 999.0 99.0 99.00
2023 10 10 00 56 999 99.0 99.0  0.23 99.00  8.38 999 9999.0 999.0  15.4 999.0 99.0 99.00
2023 10 10 01 26 999 99.0 99.0  0.24 99.00  7.13 999 9999.0 999.0  15.4 999.0 99.0 99.00
2023 10 10 01 56 999 99.0 99.0  0.24 99.00  7.24 999 9999.0 999.0  15.4 999.0 99.0 99.00
2023 10 10 02 26 999 99.0 99.0  0.22 99.00  9.10 999 9999.0 999.0  15.4 999.0 99.0 99.00
2023 10 10 02 56 999 99.0 99.0  0.25 10.53  9.51 342 9999.0 999.0  15.4 999.0 99.0 99.00
2023 10 10 03 26 999 99.0 99.0  0.23 99.00  9.26 999 9999.0 999.0  15.4 999.0 99.0 99.00
2023 10 10 03 56 999 99.0 99.0  0.21 99.00  9.02 999 9999.0 999.0  15.3 999.0 99.0 99.00
2023 10 10 04 26 999 99.0 99.0  0.23 99.00  9.34 999 9999.0 999.0  15.3 999.0 99.0 99.00
2023 10 10 04 56 999 99.0 99.0  0.23 99.00  9.64 999 9999.0 999.0  15.3 999.0 99.0 99.00
2023 10 10 05 26 999 99.0 99.0  0.23 99.00  9.27 999 9999.0 999.0  15.2 999.0 99.0 99.00
2023 10 10 05 56 999 99.0 99.0  0.24 99.00  9.60 999 9999.0 999.0  15.2 999.0 99.0 99.00
2023 10 10 06 26 999 99.0 99.0  0.25 16.67  9.93 358 9999.0 999.0  15.3 999.0 99.0 99.00
2023 10 10 06 56 999 99.0 99.0  0.25 11.11  9.67 351 9999.0 999.0  15.3 999.0 99.0 99.00
2023 10 10 07 26 999 99.0 99.0  0.28 16.67  9.53 349 9999.0 999.0  15.4 999.0 99.0 99.00
2023 10 10 07 56 999 99.0 99.0  0.27  9.88  9.27 345 9999.0 999.0  15.3 999.0 99.0 99.00
2023 10 10 08 26 999 99.0 99.0  0.25 10.53  8.99 346 9999.0 999.0  15.2 999.0 99.0 99.00
2023 10 10 08 56 999 99.0 99.0  0.27 15.38  9.06 353 9999.0 999.0  15.3 999.0 99.0 99.00
2023 10 10 09 26 999 99.0 99.0  0.27  9.88  9.38 338 9999.0 999.0  15.3 999.0 99.0 99.00
2023 10 10 09 56 999 99.0 99.0  0.30 16.67  9.01 355 9999.0 999.0  15.3 999.0 99.0 99.00
2023 10 10 10 26 999 99.0 99.0  0.32  9.88  8.90 336 9999.0 999.0  15.2 999.0 99.0 99.00
2023 10 10 10 56 999 99.0 99.0  0.33  9.88  8.82 341 9999.0 999.0  15.0 999.0 99.0 99.00
2023 10 10 11 26 999 99.0 99.0  0.38 16.67  8.81 351 9999.0 999.0  14.9 999.0 99.0 99.00
2023 10 10 11 56 999 99.0 99.0  0.43  9.88  8.47 342 9999.0 999.0  14.9 999.0 99.0 99.00
2023 10 10 12 26 999 99.0 99.0  0.47  9.88  8.20 345 9999.0 999.0  14.9 999.0 99.0 99.00
2023 10 10 12 56 999 99.0 99.0  0.43 10.53  7.92 348 9999.0 999.0  15.2 999.0 99.0 99.00
2023 10 10 13 26 999 99.0 99.0  0.47  9.88  8.32 346 9999.0 999.0  15.2 999.0 99.0 99.00
2023 10 10 13 56 999 99.0 99.0  0.48  9.88  7.77 345 9999.0 999.0  15.2 999.0 99.0 99.00
2023 10 10 14 26 999 99.0 99.0  0.53  9.09  6.07 338 9999.0 999.0  15.2 999.0 99.0 99.00
2023 10 10 14 30 999 99.0 99.0 99.00 99.00 99.00 999 9999.0 999.0  15.2 999.0 99.0 99.00
2023 10 10 14 56 999 99.0 99.0  0.60  9.09  5.35 336 9999.0 999.0  15.2 999.0 99.0 99.00
2023 10 10 15 26 999 99.0 99.0  0.61  9.09  5.57 336 9999.0 999.0  15.2 999.0 99.0 99.00
2023 10 10 15 56 999 99.0 99.0  0.58  9.09  5.48 336 9999.0 999.0  15.1 999.0 99.0 99.00
2023 10 10 16 26 999 99.0 99.0  0.63  9.09  5.44 338 9999.0 999.0  15.1 999.0 99.0 99.00
2023 10 10 16 56 999 99.0 99.0  0.69  9.88  4.92 339 9999.0 999.0  15.1 999.0 99.0 99.00
2023 10 10 17 26 999 99.0 99.0  0.74  9.09  4.71 341 9999.0 999.0  15.1 999.0 99.0 99.00
2023 10 10 17 56 999 99.0 99.0  0.67  9.88  4.75 342 9999.0 999.0  15.2 999.0 99.0 99.00
2023 10 10 18 26 999 99.0 99.0  0.67 15.38  4.86 353 9999.0 999.0  15.3 999.0 99.0 99.00
2023 10 10 18 56 999 99.0 99.0  0.63 15.38  4.90 349 9999.0 999.0  15.3 999.0 99.0 99.00
2023 10 10 19 26 999 99.0 99.0  0.62 15.38  5.12 353 9999.0 999.0  15.4 999.0 99.0 99.00
2023 10 10 19 56 999 99.0 99.0  0.60 14.29  5.44 349 9999.0 999.0  15.4 999.0 99.0 99.00
2023 10 10 20 26 999 99.0 99.0  0.66 15.38  6.35 355 9999.0 999.0  15.5 999.0 99.0 99.00
2023 10 10 20 56 999 99.0 99.0  0.61 14.29  6.13 346 9999.0 999.0  15.5 999.0 99.0 99.00
2023 10 10 21 26 999 99.0 99.0  0.67 14.29  6.60 351 9999.0 999.0  15.7 999.0 99.0 99.00
2023 10 10 21 56 999 99.0 99.0  0.70 14.29  6.96 351 9999.0 999.0  16.0 999.0 99.0 99.00
2023 10 10 22 26 999 99.0 99.0  0.69 14.29  6.25 348 9999.0 999.0  16.2 999.0 99.0 99.00
2023 10 10 22 56 999 99.0 99.0  0.75 14.29  6.76 352 9999.0 999.0  16.1 999.0 99.0 99.00
2023 10 10 23 26 999 99.0 99.0  0.80 14.29  6.91 349 9999.0 999.0  16.1 999.0 99.0 99.00
2023 10 10 23 56 999 99.0 99.0  0.76 13.33  6.82 358 9999.0 999.0  15.9 999.0 99.0 99.00
2023 10 11 00 26 999 99.0 99.0  0.91 13.33  7.61   0 9999.0 999.0  15.8 999.0 99.0 99.00
2023 10 11 00 56 999 99.0 99.0  0.87  9.09  7.37 336 9999.0 999.0  15.8 999.0 99.0 99.00
2023 10 11 01 26 999 99.0 99.0  0.96  9.09  7.79 339 9999.0 999.0  15.7 999.0 99.0 99.00
2023 10 11 01 56 999 99.0 99.0  0.94 10.53  7.97 348 9999.0 999.0  15.7 999.0 99.0 99.00
2023 10 11 02 26 999 99.0 99.0  1.03  9.88  8.24 345 9999.0 999.0  15.7 999.0 99.0 99.00
2023 10 11 02 56 999 99.0 99.0  1.04 12.50  8.88 358 9999.0 999.0  15.6 999.0 99.0 99.00
2023 10 11 03 26 999 99.0 99.0  0.99 10.53  8.59 349 9999.0 999.0  15.6 999.0 99.0 99.00
2023 10 11 03 56 999 99.0 99.0  1.05 10.53  8.81 348 9999.0 999.0  15.7 999.0 99.0 99.00
2023 10 11 04 26 999 99.0 99.0  1.16 11.11  9.07 346 9999.0 999.0  15.7 999.0 99.0 99.00
2023 10 11 04 56 999 99.0 99.0  1.22 10.53  9.23 343 9999.0 999.0  15.7 999.0 99.0 99.00
2023 10 11 05 26 999 99.0 99.0  1.17 12.50  9.18 355 9999.0 999.0  15.7 999.0 99.0 99.00
2023 10 11 05 56 999 99.0 99.0  1.15 10.53  8.81 342 9999.0 999.0  15.7 999.0 99.0 99.00
2023 10 11 06 26 999 99.0 99.0  1.11 11.76  8.66 346 9999.0 999.0  15.7 999.0 99.0 99.00
2023 10 11 06 56 999 99.0 99.0  1.20 11.76  8.58 349 9999.0 999.0  15.7 999.0 99.0 99.00
2023 10 11 07 26 999 99.0 99.0  1.05 12.50  7.82 349 9999.0 999.0  15.6 999.0 99.0 99.00
2023 10 11 07 56 999 99.0 99.0  1.06 11.11  7.62 345 9999.0 999.0  15.6 999.0 99.0 99.00
2023 10 11 08 26 999 99.0 99.0  1.23 10.53  8.13 345 9999.0 999.0  15.6 999.0 99.0 99.00
2023 10 11 08 56 999 99.0 99.0  1.12 10.53  7.93 345 9999.0 999.0  15.6 999.0 99.0 99.00
2023 10 11 09 26 999 99.0 99.0  1.23 11.11  8.22 346 9999.0 999.0  15.6 999.0 99.0 99.00
2023 10 11 09 56 999 99.0 99.0  1.08 11.76  7.77 348 9999.0 999.0  15.5 999.0 99.0 99.00
2023 10 11 10 26 999 99.0 99.0  1.01 10.53  7.20 343 9999.0 999.0  15.5 999.0 99.0 99.00
2023 10 11 10 56 999 99.0 99.0  1.07 11.11  7.64 346 9999.0 999.0  15.4 999.0 99.0 99.00
2023 10 11 11 26 999 99.0 99.0  1.22 11.11  8.21 345 9999.0 999.0  15.4 999.0 99.0 99.00
2023 10 11 11 56 999 99.0 99.0  1.04 11.11  7.31 346 9999.0 999.0  15.3 999.0 99.0 99.00
2023 10 11 12 26 999 99.0 99.0  1.05 11.11  7.00 348 9999.0 999.0  15.1 999.0 99.0 99.00
2023 10 11 12 56 999 99.0 99.0  1.24 11.11  7.53 349 9999.0 999.0  15.1 999.0 99.0 99.00
2023 10 11 13 26 999 99.0 99.0  1.27 11.76  7.94 346 9999.0 999.0  15.2 999.0 99.0 99.00
2023 10 11 13 56 999 99.0 99.0  1.16 11.76  7.45 345 9999.0 999.0  15.2 999.0 99.0 99.00
2023 10 11 14 26 999 99.0 99.0  1.24 11.76  7.42 345 9999.0 999.0  15.2 999.0 99.0 99.00
2023 10 11 14 56 999 99.0 99.0  1.25 11.11  7.12 342 9999.0 999.0  15.3 999.0 99.0 99.00
2023 10 11 15 26 999 99.0 99.0  1.32 11.11  7.06 345 9999.0 999.0  15.4 999.0 99.0 99.00
2023 10 11 15 56 999 99.0 99.0  1.31 11.11  7.18 339 9999.0 999.0  15.5 999.0 99.0 99.00
2023 10 11 16 26 999 99.0 99.0  1.11 10.53  7.10 341 9999.0 999.0  15.5 999.0 99.0 99.00
2023 10 11 16 56 999 99.0 99.0  1.34 11.76  8.25 346 9999.0 999.0  15.6 999.0 99.0 99.00
2023 10 11 17 26 999 99.0 99.0  1.34 11.76  8.17 346 9999.0 999.0  15.6 999.0 99.0 99.00
2023 10 11 17 56 999 99.0 99.0  1.29 10.53  7.83 343 9999.0 999.0  15.6 999.0 99.0 99.00
2023 10 11 18 26 999 99.0 99.0  1.29 11.11  7.96 346 9999.0 999.0  15.5 999.0 99.0 99.00
2023 10 11 18 56 999 99.0 99.0  1.34 11.11  7.55 346 9999.0 999.0  15.5 999.0 99.0 99.00
2023 10 11 19 26 999 99.0 99.0  1.46 11.11  7.96 349 9999.0 999.0  15.5 999.0 99.0 99.00
2023 10 11 19 56 999 99.0 99.0  1.54 11.11  7.66 348 9999.0 999.0  15.6 999.0 99.0 99.00
2023 10 11 20 26 999 99.0 99.0  1.68 11.76  7.46 348 9999.0 999.0  15.6 999.0 99.0 99.00
2023 10 11 20 56 999 99.0 99.0  1.79 11.11  7.43 349 9999.0 999.0  15.7 999.0 99.0 99.00
2023 10 11 21 26 999 99.0 99.0  1.93 10.53  7.67 345 9999.0 999.0  15.7 999.0 99.0 99.00
2023 10 11 21 56 999 99.0 99.0  1.97 11.11  7.00 349 9999.0 999.0  15.6 999.0 99.0 99.00
2023 10 11 22 26 999 99.0 99.0  2.02 10.53  7.21 343 9999.0 999.0  15.6 999.0 99.0 99.00
2023 10 11 22 56 999 99.0 99.0  1.89 11.11  6.95 352 9999.0 999.0  15.7 999.0 99.0 99.00
2023 10 11 23 26 999 99.0 99.0  2.12 11.76  7.37 353 9999.0 999.0  15.6 999.0 99.0 99.00
2023 10 11 23 56 999 99.0 99.0  2.26 14.29  7.61 359 9999.0 999.0  15.6 999.0 99.0 99.00
2023 10 12 00 26 999 99.0 99.0  2.29 11.76  7.38 349 9999.0 999.0  15.6 999.0 99.0 99.00
2023 10 12 00 56 999 99.0 99.0  2.25 11.76  7.31 348 9999.0 999.0  15.6 999.0 99.0 99.00
2023 10 12 01 26 999 99.0 99.0  2.05 11.11  6.85 346 9999.0 999.0  15.6 999.0 99.0 99.00
2023 10 12 01 56 999 99.0 99.0  2.25 12.50  7.68 352 9999.0 999.0  15.6 999.0 99.0 99.00
2023 10 12 02 26 999 99.0 99.0  2.20 12.50  7.43 352 9999.0 999.0  15.6 999.0 99.0 99.00
2023 10 12 02 56 999 99.0 99.0  2.27 13.33  7.78 356 9999.0 999.0  15.6 999.0 99.0 99.00
2023 10 12 03 26 999 99.0 99.0  2.16 12.50  7.95 349 9999.0 999.0  15.4 999.0 99.0 99.00
2023 10 12 03 56 999 99.0 99.0  2.15 14.29  8.70 359 9999.0 999.0  15.3 999.0 99.0 99.00
2023 10 12 04 26 999 99.0 99.0  1.95 12.50  8.68 351 9999.0 999.0  15.3 999.0 99.0 99.00
2023 10 12 04 56 999 99.0 99.0  1.93 13.33  8.64 352 9999.0 999.0  15.3 999.0 99.0 99.00
2023 10 12 05 26 999 99.0 99.0  2.07 12.50  8.83 352 9999.0 999.0  15.3 999.0 99.0 99.00
2023 10 12 05 56 999 99.0 99.0  2.01 12.50  8.92 355 9999.0 999.0  15.4 999.0 99.0 99.00
2023 10 12 06 26 999 99.0 99.0  2.05 10.53  9.09 346 9999.0 999.0  15.5 999.0 99.0 99.00
2023 10 12 06 56 999 99.0 99.0  2.12 14.29  9.36   3 9999.0 999.0  15.5 999.0 99.0 99.00
2023 10 12 07 26 999 99.0 99.0  1.95 14.29  9.29 358 9999.0 999.0  15.4 999.0 99.0 99.00
2023 10 12 07 56 999 99.0 99.0  1.77 11.76  9.10 353 9999.0 999.0  15.4 999.0 99.0 99.00
2023 10 12 08 26 999 99.0 99.0  1.67 11.11  9.01 349 9999.0 999.0  15.3 999.0 99.0 99.00
2023 10 12 08 56 999 99.0 99.0  2.03 10.53  9.82 343 9999.0 999.0  15.3 999.0 99.0 99.00
2023 10 12 09 26 999 99.0 99.0  1.96 12.50  9.77 356 9999.0 999.0  15.3 999.0 99.0 99.00
2023 10 12 09 56 999 99.0 99.0  1.92 11.76  9.74 353 9999.0 999.0  15.2 999.0 99.0 99.00
2023 10 12 10 26 999 99.0 99.0  1.93 11.11  9.67 351 9999.0 999.0  15.2 999.0 99.0 99.00
2023 10 12 10 56 999 99.0 99.0  1.93 11.11  9.38 349 9999.0 999.0  15.1 999.0 99.0 99.00
2023 10 12 11 26 999 99.0 99.0  1.87 11.11  9.50 351 9999.0 999.0  15.1 999.0 99.0 99.00
2023 10 12 11 56 999 99.0 99.0  1.86 11.11  9.66 349 9999.0 999.0  15.1 999.0 99.0 99.00
2023 10 12 12 26 999 99.0 99.0  1.73 12.50  9.51 356 9999.0 999.0  15.1 999.0 99.0 99.00
2023 10 12 12 56 999 99.0 99.0  1.79 11.76  9.44 353 9999.0 999.0  15.1 999.0 99.0 99.00
2023 10 12 13 26 999 99.0 99.0  1.87 11.11  9.31 348 9999.0 999.0  15.0 999.0 99.0 99.00
2023 10 12 13 56 999 99.0 99.0  2.05 13.33  9.82 352 9999.0 999.0  15.0 999.0 99.0 99.00
2023 10 29 05 56 999 99.0 99.0  0.70 16.67  4.99 359 9999.0 999.0  16.3 999.0 99.0 99.00
2023 10 29 06 26 999 99.0 99.0  0.63 16.67  4.84 359 9999.0 999.0  16.3 999.0 99.0 99.00
2023 10 29 06 56 999 99.0 99.0  0.67 18.18  5.26 356 9999.0 999.0  16.2 999.0 99.0 99.00
2023 10 29 07 26 999 99.0 99.0  0.65 16.67  5.19   2 9999.0 999.0  16.1 999.0 99.0 99.00
2023 10 29 07 56 999 99.0 99.0  0.64 16.67  5.36 356 9999.0 999.0  16.3 999.0 99.0 99.00
2023 10 29 08 26 999 99.0 99.0  0.66 16.67  5.32 355 9999.0 999.0  16.3 999.0 99.0 99.00
2023 10 29 08 56 999 99.0 99.0  0.67 16.67  5.54 355 9999.0 999.0  16.2 999.0 99.0 99.00
2023 10 29 09 26 999 99.0 99.0  0.59 16.67  5.06 356 9999.0 999.0  16.2 999.0 99.0 99.00
2023 10 29 09 56 999 99.0 99.0  0.61 16.67  5.54 352 9999.0 999.0  16.2 999.0 99.0 99.00
2023 10 29 10 26 999 99.0 99.0  0.65 16.67  5.79 353 9999.0 999.0  16.2 999.0 99.0 99.00
2023 10 29 10 56 999 99.0 99.0  0.66 16.67  6.12 352 9999.0 999.0  16.2 999.0 99.0 99.00
2023 10 29 11 26 999 99.0 99.0  0.63 16.67  6.30 346 9999.0 999.0  16.1 999.0 99.0 99.00
2023 10 29 11 56 999 99.0 99.0  0.62 16.67  6.24 352 9999.0 999.0  16.1 999.0 99.0 99.00
2023 10 29 12 26 999 99.0 99.0  0.66 16.67  6.34 353 9999.0 999.0  16.1 999.0 99.0 99.00
2023 10 29 12 56 999 99.0 99.0  0.61 16.67  6.15 348 9999.0 999.0  16.1 999.0 99.0 99.00
2023 10 29 13 26 999 99.0 99.0  0.59 16.67  6.27 348 9999.0 999.0  16.0 999.0 99.0 99.00
2023 10 29 13 56 999 99.0 99.0  0.59 16.67  4.78 343 9999.0 999.0  15.9 999.0 99.0 99.00
2023 10 29 14 26 999 99.0 99.0  0.64 15.38  5.49 355 9999.0 999.0  15.8 999.0 99.0 99.00
2023 10 29 14 56 999 99.0 99.0  0.57 16.67  5.15 352 9999.0 999.0  15.8 999.0 99.0 99.00
2023 10 29 15 26 999 99.0 99.0  0.63 16.67  6.35 355 9999.0 999.0  15.9 999.0 99.0 99.00
2023 10 29 15 56 999 99.0 99.0  0.59 16.67  5.74 353 9999.0 999.0  15.8 999.0 99.0 99.00
2023 10 29 16 26 999 99.0 99.0  0.60 16.67  6.37 352 9999.0 999.0  15.9 999.0 99.0 99.00
2023 10 29 16 56 999 99.0 99.0  0.54 16.67  5.38 358 9999.0 999.0  15.9 999.0 99.0 99.00
2023 10 29 17 26 999 99.0 99.0  0.52 16.67  4.31 356 9999.0 999.0  15.8 999.0 99.0 99.00
2023 10 29 17 56 999 99.0 99.0  0.53 16.67  4.71 345 9999.0 999.0  15.7 999.0 99.0 99.00
2023 10 29 18 26 999 99.0 99.0  0.54 16.67  5.10 343 9999.0 999.0  15.8 999.0 99.0 99.00
2023 10 29 18 56 999 99.0 99.0  0.51 16.67  5.09 349 9999.0 999.0  16.0 999.0 99.0 99.00
2023 10 29 19 26 999 99.0 99.0  0.55 16.67  5.38 359 9999.0 999.0  16.2 999.0 99.0 99.00
2023 10 29 19 56 999 99.0 99.0  0.56 16.67  5.21 358 9999.0 999.0  16.3 999.0 99.0 99.00
2023 10 29 20 26 999 99.0 99.0  0.55 16.67  6.08 356 9999.0 999.0  16.3 999.0 99.0 99.00
2023 10 29 20 56 999 99.0 99.0  0.54 16.67  5.95 359 9999.0 999.0  16.4 999.0 99.0 99.00
2023 10 29 21 26 999 99.0 99.0  0.49 15.38  5.98 352 9999.0 999.0  16.6 999.0 99.0 99.00
2023 10 29 21 56 999 99.0 99.0  0.52 16.67  6.35 352 9999.0 999.0  16.5 999.0 99.0 99.00
2023 10 29 22 26 999 99.0 99.0  0.55 16.67  5.97 352 9999.0 999.0  16.5 999.0 99.0 99.00
2023 10 29 22 56 999 99.0 99.0  0.53 16.67  5.47 356 9999.0 999.0  16.4 999.0 99.0 99.00
2023 10 29 23 26 999 99.0 99.0  0.56 15.38  5.14 355 9999.0 999.0  16.4 999.0 99.0 99.00
2023 10 29 23 56 999 99.0 99.0  0.58 15.38  5.35 353 9999.0 999.0  16.3 999.0 99.0 99.00
2023 10 30 00 26 999 99.0 99.0  0.54 14.29  5.07 352 9999.0 999.0  16.2 999.0 99.0 99.00
2023 10 30 00 56 999 99.0 99.0  0.53 15.38  5.21 352 9999.0 999.0  16.0 999.0 99.0 99.00
2023 10 30 01 26 999 99.0 99.0  0.57 15.38  5.85 349 9999.0 999.0  16.2 999.0 99.0 99.00
2023 10 30 01 56 999 99.0 99.0  0.54 16.67  5.91 353 9999.0 999.0  16.3 999.0 99.0 99.00
2023 10 30 02 26 999 99.0 99.0  0.54 15.38  5.62 349 9999.0 999.0  16.3 999.0 99.0 99.00
2023 10 30 02 56 999 99.0 99.0  0.52 15.38  5.83 348 9999.0 999.0  16.3 999.0 99.0 99.00
2023 10 30 03 26 999 99.0 99.0  0.51 16.67  6.04 352 9999.0 999.0  16.2 999.0 99.0 99.00
2023 10 30 03 56 999 99.0 99.0  0.54 15.38  6.71 349 9999.0 999.0  16.3 999.0 99.0 99.00
2023 10 30 04 26 999 99.0 99.0  0.51 16.67  6.17 349 9999.0 999.0  16.3 999.0 99.0 99.00
2023 10 30 04 56 999 99.0 99.0  0.53 14.29  6.35 349 9999.0 999.0  16.2 999.0 99.0 99.00
2023 10 30 05 26 999 99.0 99.0  0.49 15.38  6.12 352 9999.0 999.0  15.9 999.0 99.0 99.00
2023 10 30 05 56 999 99.0 99.0  0.56 15.38  6.76 351 9999.0 999.0  15.7 999.0 99.0 99.00
2023 10 30 06 26 999 99.0 99.0  0.51 15.38  7.13 352 9999.0 999.0  15.6 999.0 99.0 99.00
2023 10 30 06 56 999 99.0 99.0  0.51 14.29  7.05 349 9999.0 999.0  15.5 999.0 99.0 99.00
2023 10 30 07 26 999 99.0 99.0  0.49 15.38  7.29 348 9999.0 999.0  15.5 999.0 99.0 99.00
2023 10 30 07 56 999 99.0 99.0  0.49 15.38  6.79 353 9999.0 999.0  15.4 999.0 99.0 99.00
2023 10 30 08 26 999 99.0 99.0  0.44 15.38  6.11 356 9999.0 999.0  15.7 999.0 99.0 99.00
2023 10 30 08 56 999 99.0 99.0  0.47 16.67  6.08 356 9999.0 999.0  15.7 999.0 99.0 99.00
2023 10 30 09 26 999 99.0 99.0  0.51 15.38  6.68 355 9999.0 999.0  15.6 999.0 99.0 99.00
2023 10 30 09 56 999 99.0 99.0  0.47 15.38  6.58 351 9999.0 999.0  15.6 999.0 99.0 99.00
2023 10 30 10 26 999 99.0 99.0  0.45 14.29  6.25 355 9999.0 999.0  15.6 999.0 99.0 99.00
2023 10 30 10 56 999 99.0 99.0  0.49 15.38  6.18 353 9999.0 999.0  15.7 999.0 99.0 99.00
2023 10 30 11 26 999 99.0 99.0  0.47 15.38  5.11 355 9999.0 999.0  15.7 999.0 99.0 99.00
2023 10 30 11 56 999 99.0 99.0  0.49 15.38  4.71 359 9999.0 999.0  15.7 999.0 99.0 99.00
2023 10 30 12 26 999 99.0 99.0  0.51 15.38  4.96 353 9999.0 999.0  15.6 999.0 99.0 99.00
2023 10 30 12 56 999 99.0 99.0  0.53 14.29  4.94 342 9999.0 999.0  15.6 999.0 99.0 99.00
2023 10 30 13 26 999 99.0 99.0  0.49 15.38  4.46 355 9999.0 999.0  15.6 999.0 99.0 99.00
2023 10 30 13 56 999 99.0 99.0  0.49 14.29  4.63 346 9999.0 999.0  15.5 999.0 99.0 99.00
2023 10 30 14 26 999 99.0 99.0  0.51 14.29  4.37 349 9999.0 999.0  15.4 999.0 99.0 99.00
2023 10 30 14 56 999 99.0 99.0  0.52 15.38  5.02 353 9999.0 999.0  15.4 999.0 99.0 99.00
2023 10 30 15 26 999 99.0 99.0  0.47 15.38  4.94 349 9999.0 999.0  15.3 999.0 99.0 99.00
2023 10 30 15 56 999 99.0 99.0  0.46 15.38  5.29 355 9999.0 999.0  15.3 999.0 99.0 99.00
2023 10 30 16 26 999 99.0 99.0  0.41 15.38  5.10 352 9999.0 999.0  15.3 999.0 99.0 99.00
2023 10 30 16 56 999 99.0 99.0  0.41 15.38  5.56 355 9999.0 999.0  15.3 999.0 99.0 99.00
2023 10 30 17 26 999 99.0 99.0  0.41 15.38  6.14 352 9999.0 999.0  15.4 999.0 99.0 99.00
2023 10 30 17 56 999 99.0 99.0  0.42 16.67  5.76 355 9999.0 999.0  15.4 999.0 99.0 99.00
2023 10 30 18 26 999 99.0 99.0  0.41 14.29  4.86 351 9999.0 999.0  15.6 999.0 99.0 99.00
2023 10 30 18 56 999 99.0 99.0  0.41 15.38  6.05 346 9999.0 999.0  15.7 999.0 99.0 99.00
2023 10 30 19 26 999 99.0 99.0  0.40 15.38  6.75 351 9999.0 999.0  15.7 999.0 99.0 99.00
2023 10 30 19 56 999 99.0 99.0  0.41 15.38  6.94 358 9999.0 999.0  16.0 999.0 99.0 99.00
2023 10 30 20 26 999 99.0 99.0  0.42 15.38  7.23 355 9999.0 999.0  16.0 999.0 99.0 99.00
2023 10 30 20 56 999 99.0 99.0  0.39 15.38  7.55 353 9999.0 999.0  16.0 999.0 99.0 99.00
2023 10 30 21 26 999 99.0 99.0  0.41 15.38  7.32 358 9999.0 999.0  16.1 999.0 99.0 99.00
2023 10 30 21 56 999 99.0 99.0  0.40 15.38  8.06 351 9999.0 999.0  16.1 999.0 99.0 99.00
2023 10 30 22 26 999 99.0 99.0  0.36 15.38  7.43 352 9999.0 999.0  16.1 999.0 99.0 99.00
2023 10 30 22 56 999 99.0 99.0  0.40 13.33  8.62 355 9999.0 999.0  15.9 999.0 99.0 99.00
2023 10 30 23 26 999 99.0 99.0  0.37 15.38  7.40 352 9999.0 999.0  15.7 999.0 99.0 99.00
2023 10 30 23 56 999 99.0 99.0  0.33 14.29  7.12 353 9999.0 999.0  15.6 999.0 99.0 99.00
2023 10 31 00 26 999 99.0 99.0  0.35 15.38  7.60 349 9999.0 999.0  15.5 999.0 99.0 99.00
2023 10 31 00 56 999 99.0 99.0  0.35 14.29  6.19 355 9999.0 999.0  15.4 999.0 99.0 99.00
2023 10 31 01 26 999 99.0 99.0  0.34 15.38  5.80 349 9999.0 999.0  15.4 999.0 99.0 99.00
2023 10 31 01 56 999 99.0 99.0  0.33 15.38  5.59 348 9999.0 999.0  15.4 999.0 99.0 99.00
2023 10 31 02 26 999 99.0 99.0  0.33 14.29  5.28 356 9999.0 999.0  15.4 999.0 99.0 99.00
2023 10 31 02 56 999 99.0 99.0  0.35 14.29  5.70 353 9999.0 999.0  15.5 999.0 99.0 99.00
2023 10 31 03 26 999 99.0 99.0  0.37 13.33  5.88 348 9999.0 999.0  15.4 999.0 99.0 99.00
2023 10 31 03 56 999 99.0 99.0  0.33 13.33  5.41 349 9999.0 999.0  15.2 999.0 99.0 99.00
2023 10 31 04 26 999 99.0 99.0  0.36 13.33  6.09 351 9999.0 999.0  14.7 999.0 99.0 99.00
2023 10 31 04 56 999 99.0 99.0  0.31 14.29  7.15 351 9999.0 999.0  14.5 999.0 99.0 99.00
2023 10 31 05 26 999 99.0 99.0  0.35 12.50  8.55 352 9999.0 999.0  14.4 999.0 99.0 99.00
2023 10 31 05 56 999 99.0 99.0  0.33 15.38  8.28 353 9999.0 999.0  14.6 999.0 99.0 99.00
2023 10 31 06 26 999 99.0 99.0  0.38 14.29  8.37 346 9999.0 999.0  14.8 999.0 99.0 99.00
2023 10 31 06 56 999 99.0 99.0  0.36 13.33  9.18 355 9999.0 999.0  14.6 999.0 99.0 99.00
2023 10 31 07 26 999 99.0 99.0  0.35 14.29  9.88 355 9999.0 999.0  14.4 999.0 99.0 99.00
2023 10 31 07 56 999 99.0 99.0  0.35 18.18  9.99 353 9999.0 999.0  14.5 999.0 99.0 99.00
2023 10 31 08 26 999 99.0 99.0  0.37 12.50 10.60 346 9999.0 999.0  14.3 999.0 99.0 99.00
2023 10 31 08 56 999 99.0 99.0  0.39 12.50 10.64 352 9999.0 999.0  14.3 999.0 99.0 99.00
2023 10 31 09 26 999 99.0 99.0  0.36 12.50 10.04 352 9999.0 999.0  14.4 999.0 99.0 99.00
2023 10 31 09 56 999 99.0 99.0  0.41 12.50  9.03 353 9999.0 999.0  15.0 999.0 99.0 99.00
2023 10 31 10 26 999 99.0 99.0  0.43 14.29  5.82 353 9999.0 999.0  14.3 999.0 99.0 99.00
2023 10 31 10 56 999 99.0 99.0  0.49 18.18  4.38 346 9999.0 999.0  14.5 999.0 99.0 99.00
2023 10 31 11 26 999 99.0 99.0  0.46 13.33  4.06 353 9999.0 999.0  14.4 999.0 99.0 99.00
2023 10 31 11 56 999 99.0 99.0  0.47 12.50  5.40 349 9999.0 999.0  14.4 999.0 99.0 99.00
2023 10 31 12 26 999 99.0 99.0  0.43 11.76  4.50 348 9999.0 999.0  14.3 999.0 99.0 99.00
2023 10 31 12 56 999 99.0 99.0  0.50 11.76  4.73 343 9999.0 999.0  14.2 999.0 99.0 99.00
2023 10 31 13 26 999 99.0 99.0  0.48 12.50  4.59 351 9999.0 999.0  14.1 999.0 99.0 99.00
2023 10 31 13 56 999 99.0 99.0  0.46 11.76  4.60 346 9999.0 999.0  14.0 999.0 99.0 99.00
2023 10 31 14 26 999 99.0 99.0  0.47 12.50  4.83 346 9999.0 999.0  13.9 999.0 99.0 99.00
2023 10 31 14 56 999 99.0 99.0  0.47 12.50  4.68 348 9999.0 999.0  13.7 999.0 99.0 99.00
2023 10 31 15 26 999 99.0 99.0  0.49 11.76  5.20 346 9999.0 999.0  13.8 999.0 99.0 99.00
2023 10 31 15 56 999 99.0 99.0  0.44 11.76  5.14 341 9999.0 999.0  14.0 999.0 99.0 99.00
2023 10 31 16 26 999 99.0 99.0  0.42 11.76  4.35 341 9999.0 999.0  14.2 999.0 99.0 99.00
2023 10 31 16 56 999 99.0 99.0  0.45 18.18  5.22 353 9999.0 999.0  14.3 999.0 99.0 99.00
2023 10 31 17 26 999 99.0 99.0  0.46 11.76  6.62 346 9999.0 999.0  14.5 999.0 99.0 99.00
2023 10 31 17 56 999 99.0 99.0  0.40 18.18  5.83 355 9999.0 999.0  14.9 999.0 99.0 99.00
2023 10 31 18 26 999 99.0 99.0  0.40 18.18  6.59 348 9999.0 999.0  15.0 999.0 99.0 99.00
2023 10 31 18 56 999 99.0 99.0  0.39 11.76  6.44 345 9999.0 999.0  15.1 999.0 99.0 99.00
2023 10 31 19 26 999 99.0 99.0  0.40 16.67  7.27 348 9999.0 999.0  15.1 999.0 99.0 99.00
2023 10 31 19 56 999 99.0 99.0  0.42 16.67  7.02 355 9999.0 999.0  15.1 999.0 99.0 99.00
2023 10 31 20 26 999 99.0 99.0  0.44 13.33  6.90 352 9999.0 999.0  14.8 999.0 99.0 99.00
2023 10 31 20 56 999 99.0 99.0  0.43 12.50  7.15 358 9999.0 999.0  14.4 999.0 99.0 99.00
2023 10 31 21 26 999 99.0 99.0  0.45 14.29  5.94 349 9999.0 999.0  14.2 999.0 99.0 99.00
2023 10 31 21 56 999 99.0 99.0  0.44 11.76  4.95 341 9999.0 999.0  14.2 999.0 99.0 99.00
2023 10 31 22 26 999 99.0 99.0  0.51 11.76  5.44 352 9999.0 999.0  14.2 999.0 99.0 99.00
2023 10 31 22 56 999 99.0 99.0  0.48 11.76  5.41 353 9999.0 999.0  14.3 999.0 99.0 99.00
2023 10 31 23 26 999 99.0 99.0  0.44 16.67  5.53 346 9999.0 999.0  14.8 999.0 99.0 99.00
2023 10 31 23 56 999 99.0 99.0  0.52 11.11  6.43 348 9999.0 999.0  14.9 999.0 99.0 99.00
